26 79 20 -73
14 22 4 4 4 6

Coordinates
1       3.5355       3.5355           20
2       1.5321       1.5321       15.109
3      -3.5355       3.5355           20
4       3.5355      -3.5355           20
5      -3.5355      -3.5355           20
6       3.5355       3.5355           10
7      -3.5355       3.5355           10
8       3.5355      -3.5355           10
9      -3.5355      -3.5355           10
10      -1.5321      -1.5321       4.8912
11       3.5355       3.5355            0
12      -3.5355       3.5355            0
13       3.5355      -3.5355            0
14      -3.5355      -3.5355            0
EndCoordinates

Elements
1 3 4 5 7
2 4 3 1 2
3 3 1 2 6
4 1 4 2 8
5 1 2 6 8
6 2 6 8 7
7 2 6 7 3
8 8 2 7 4
9 6 8 7 13
10 12 14 13 10
11 12 14 10 9
12 14 13 10 8
13 14 10 9 8
14 10 9 8 7
15 10 9 7 12
16 8 10 7 13
17 9 8 7 4
18 13 11 12 7
19 7 2 3 4
20 7 10 12 13
21 13 6 11 7
22 9 7 5 4
EndElements

Dirichlet_X
1            6
3            6
4            6
5            6
EndDirichlet_X

Dirichlet_Y
11            8
12            8
13            8
14            8
EndDirichlet_Y

Dirichlet_Z
3            0
5            0
7            0
9            0
12            0
14            0
EndDirichlet_Z

Neumann
1            0
4            0
6            0
8            0
11            0
13            0
EndNeumann
